time,x,y,z,phi,theta,psi,x_velocity,y_velocity,z_velocity,phi_velocity,theta_velocity,psi_velocity,rotor_speed1,rotor_speed2,rotor_speed3,rotor_speed4,reward
0.06,-7.657826224352535e-06,2.3875961824630843e-05,10.0036977108609,0.005603014993436517,0.001688768970214305,0.0,-0.00044967679069741486,0.0014153833940766,0.12324958922697787,-0.02715768279161676,-0.015486046879057976,0.0,444.329833386105,443.0587549820846,445.8477717503963,443.6238542246404,0.9997443477358179
0.12000000000000001,-7.407102742498167e-05,0.00024792076113622544,10.018821297177913,0.005107316182692223,0.0010310380746352266,0.0,-0.0016757643482852777,0.00597717863791484,0.38081978356216867,-0.016632088395443594,-0.010854097320175024,0.0,483.49985866470416,483.84876959311515,484.6537160667976,485.44402274882145,0.9983151509624635
0.18,-0.00022943354196323598,0.0007711040923109246,10.04851725368599,0.013239476504047332,0.007070244820013727,0.0,-0.004269287918654271,0.012487185071514374,0.6089408576720524,-0.05095396468528481,-0.040414253092159,0.0,478.4014468324859,476.14567937517955,476.0642130595801,473.430918329594,0.9949868655718479
0.23999999999999996,-0.0006377113184509068,0.0018109684642430312,10.090030044632504,0.010909802626926535,0.005303196510973329,0.0,-0.009133173591868896,0.021925271227345812,0.7747250894014167,-0.0615749160091362,-0.03264910933327977,0.0,457.2900167308888,457.9074197224344,458.2774576868732,457.430684186521,0.9899442329388972
0.3,-0.0012939395694360632,0.0033537491972581287,10.140444222371485,0.00906119489851509,0.0038430994214406766,0.0,-0.012577946081010396,0.02928811023743639,0.9056553979280135,-0.04784383039732452,-0.02601967519395689,0.0,446.65027770240437,447.1902421116699,447.0226069778977,448.13775472944275,0.9836069613404326
0.36000000000000004,-0.0021848229414956465,0.005324883767867394,10.200198837170444,0.00982599513132687,0.015589516149421279,0.0,-0.018410974924855484,0.03652731045743381,1.0859998765348646,-0.06996524582313447,0.012759698594861717,0.0,461.5935653549157,464.6433924467662,462.8539685149527,461.10797332471077,0.9761048041515623
0.4200000000000001,-0.0036781441059489297,0.007736967286254914,10.271506602699455,0.00695740804713374,0.019868570078465098,0.0,-0.03184305395356575,0.043522878109758426,1.290711815070381,-0.058478629879118886,0.032127982863359265,0.0,470.0566561646901,471.5549891589819,469.0971334487334,469.98515234887464,0.9671644719552106
0.48000000000000015,-0.005989564954266027,0.01047295403930173,10.351050650373882,0.003467988675702749,0.0220037362618406,0.0,-0.045417173180673606,0.04733489594687664,1.3606728541410578,-0.057740769322349075,0.025795706168661788,0.0,429.02011279413705,428.4825007979924,429.1991519843126,429.2592763558353,0.956908923948194
0.5400000000000001,-0.009211687699152748,0.013403460661140851,10.437069721615849,0.006445048642631512,0.024757738515069683,0.0,-0.062296914378361726,0.05070371071759985,1.5064391215043822,-0.08676960609928645,0.012504666240489758,0.0,452.9777142278001,451.9077454124786,454.87172432292164,452.53792978154223,0.9458629628709829
0.6000000000000002,-0.013610700106168085,0.016591892397298368,10.536265328682989,0.00139211129069583,0.025813792516774292,0.0,-0.08447415868519013,0.05492243718185085,1.799665940951599,-0.09242324649175314,0.0051294936066558685,0.0,496.4216910382286,495.88013439944746,497.3754946313277,496.9556650399519,0.9334405760950439
0.6600000000000003,-0.019195121332886308,0.01989686337347361,10.646505872560608,6.279551962354535,0.026311054789866617,0.0,-0.10171557075432575,0.054757947252770764,1.8748967039686042,-0.10161347754183493,0.008846740682528524,0.0,430.6224597689157,430.93666856210837,434.0902726512612,433.31041221195875,0.9192919302112901
0.7200000000000003,-0.025875518903234612,0.02311175704439698,10.76301728826624,6.281109285754312,0.02783478050884014,0.0,-0.12113461791707608,0.05260721450631637,2.008586444416574,-0.13314466680752365,-0.0033345871683726925,0.0,451.6487174487063,450.6651750279839,451.9949849468578,449.4357510536084,0.904313678743117
0.7800000000000004,-0.03395538910817849,0.02617911334342482,10.893297421855467,6.274564720142543,0.03676290104028368,0.0,-0.1494302765884029,0.04877456456507219,2.3334360321152574,-0.14756433344155417,-0.03765293723116819,0.0,508.48896867849044,506.02473874680396,507.2776798852154,506.22613523517356,0.8879901981607925
0.8400000000000004,-0.04387420446556256,0.028849582603322613,11.040647677236823,6.2657878343982265,0.0444674914631209,0.0,-0.1820862082980286,0.03916965680405297,2.5776710797954814,-0.15203323086425025,-0.004254026297982872,0.0,484.6244118703397,487.12809553783075,485.65447094874577,485.3003590528905,0.8694959839722749
0.9000000000000005,-0.055498181506047226,0.030904465719374972,11.193358073905525,6.258557380203117,0.04424242037338555,0.0,-0.20537210659069308,0.02875164803153782,2.5128085225772243,-0.13812041585645204,-0.007703527775106731,0.0,388.62796653200365,388.3045915287742,387.3966509238658,388.6788661102677,0.8497404355309428
0.9600000000000005,-0.06899658830064999,0.03195533098145709,11.352669207763475,6.252397667159814,0.047738663615572996,0.0,-0.2449712435301145,0.005521422690400875,2.7968683295409607,-0.1553445768737034,0.01292436465032901,0.0,496.6828884194767,498.19340198128754,498.92635362454104,497.6503523352665,0.8296351210576374
1.0200000000000005,-0.0849318435508214,0.03161252880799996,11.528384437896934,6.277315394661786,0.051130621268298704,0.0,-0.2865788868876908,-0.013862126470526523,3.059680058480201,-0.09243580594455657,0.029484370016983903,0.0,492.55335128483915,493.77643147355707,490.92116135121427,495.55207444586176,0.8077185062081735
1.0800000000000005,-0.10335556777696131,0.030664239140505475,11.717247757912396,6.2821170862032165,0.06447122425750695,0.0,-0.328987214316869,-0.01723937020349875,3.235193690481495,-0.0583775254255829,0.06556719504258762,0.0,468.0093945279392,470.8104007604495,467.76202097472117,470.4018286456844,0.7840379963797457
1.1400000000000006,-0.12461369189877432,0.029612599699259046,11.916898650396789,0.0002730192209465798,0.06941818031292524,0.0,-0.38013708582765837,-0.017632149953879173,3.419255998011133,-0.0837172669561004,0.07545695296552032,0.0,473.25150046833545,474.01540093487057,473.20282815310543,471.24502608605616,0.7590295777983007
1.2000000000000006,-0.1492356412750165,0.028539097581350165,12.130154179919863,6.278800353136745,0.07395033490141678,0.0,-0.4411153426486275,-0.018748905392291126,3.6883759448990627,-0.0781910525162775,0.07283890812182821,0.0,498.58492970706754,498.39730788520984,498.48453079780404,498.8835685444645,0.7325554374617185
1.2600000000000007,-0.17709024333647563,0.02732617267442354,12.352308954603195,6.276514194958976,0.07831064004663268,0.0,-0.4877653934641707,-0.021873323875881083,3.7166462439090475,-0.09642325059626669,0.07115108196053195,0.0,427.0120860283001,426.8723412465079,429.0269186098251,427.4698525614602,0.7046865453962348
1.3200000000000007,-0.20793354617177812,0.025873078022128092,12.577528294162526,6.274641609006368,0.08257331028706805,0.0,-0.5407451701859831,-0.026764642008146537,3.790371197804441,-0.07592178068499614,0.0707714279086212,0.0,441.86742275164005,441.84002236130567,442.37359229438766,444.0519076210922,0.6764543474008551
1.3800000000000008,-0.24204991527903957,0.024080786536552875,12.807215082048574,6.270315275088258,0.08791501631946463,0.0,-0.5969846574408147,-0.03340480424277412,3.8655331116651896,-0.07174470643273632,0.05804317558861209,0.0,443.9550644522608,442.9127279029203,443.65372714779164,443.99222762336024,0.6478002981866715
1.4400000000000008,-0.2794092190633129,0.021844061159238676,13.038737837058754,6.266869505070201,0.09341299416793447,0.0,-0.6487872327372869,-0.04143623133377618,3.8518721586465756,-0.08316821584209239,0.07244047003674282,0.0,415.5575007748073,416.8208953844576,414.96371165505883,413.95466036897085,0.6188531230238149
1.5000000000000009,-0.3205607940129399,0.01896440480563437,13.275690400976483,6.264265414177284,0.09777199380504786,0.0,-0.7233749921375655,-0.054820154655369574,4.045796732463497,-0.10133230730989953,0.07295747887703784,0.0,480.90597020942346,480.9487745998488,480.61999791247314,479.23524145634065,0.5896296633265984
1.560000000000001,-0.3659777272359879,0.015269847823089005,13.521082504762552,6.258745839555907,0.10245137825671335,0.0,-0.7909699471296512,-0.06888382137708376,4.133535835215779,-0.09424528751572182,0.06561919297683884,0.0,449.8542590819802,449.2633487622102,449.99134663165455,450.55643958972064,0.5594119241194571
1.620000000000001,-0.4156262882205949,0.010610752060259248,13.77252287839977,6.256326141623273,0.10661106122985498,0.0,-0.8643701683274201,-0.08667759838482535,4.247305369889321,-0.07570644900049728,0.06972395218984799,0.0,458.98696245966744,459.31583512466057,457.7336132511255,459.2004992685384,0.5285165612862778
1.680000000000001,-0.4695991133620709,0.004906433389962611,14.028878784200383,6.260051785508521,0.12135785243467012,0.0,-0.9360612059947353,-0.10313175089480303,4.297504499198658,-0.045385350154856605,0.10414708231522023,0.0,438.70568047630456,441.5604238524722,438.7218005016821,441.2291116556784,0.49701261270240715
1.740000000000001,-0.5278706632435121,-0.0016796843985764035,14.286127391380393,6.25869660006969,0.12759467140359515,0.0,-1.0068616312671854,-0.11650694182044893,4.277411577158331,-0.05945392766241256,0.10297620976942594,0.0,418.36040484205324,418.26854352230157,417.8449233498629,416.61473072635005,0.46529252329929993
1.8000000000000012,-0.591065552131426,-0.009163003362917123,14.546087295118431,6.264582178302177,0.1480444831408967,0.0,-1.1017252985936676,-0.13234383356274773,4.387136444842245,-0.026952888842975507,0.06037529726441834,0.0,461.31682981774554,457.9467262637527,458.59352808000455,461.16669923013325,0.43345276909231256
1.8600000000000012,-0.660544650179576,-0.017520177665097055,14.814120599674752,6.265186493386356,0.15200304389496555,0.0,-1.2145854446253534,-0.14616464698572787,4.54654351112705,-0.011781686830516624,0.0656375964597301,0.0,476.24304798020404,476.64791059012697,475.39651063921133,476.5576808891714,0.40082858412390343
1.9200000000000013,-0.7359248307317986,-0.026570250365523827,15.085405006616968,6.269125324210073,0.15865473860869805,0.0,-1.2986380432488809,-0.15520986604528333,4.49632711292687,0.010660001749513273,0.08252178417776403,0.0,410.37042865612153,411.8710179528454,409.8240097171527,411.8142113908694,0.3674763879466401
1.9800000000000013,-0.8169327882612208,-0.03614319663188878,15.356570824231348,6.271113741517663,0.16620573599896638,0.0,-1.4023249069764858,-0.16368382467776865,4.5421472756184125,-0.0033187765024710863,0.0636180983452881,0.0,443.8355267351475,442.2857850272572,443.0636018994105,441.9126100111944,0.33411838803806015
2.0400000000000014,-0.9044281292563082,-0.04618318995000561,15.631249173883587,6.2771821486787935,0.17026680125166216,0.0,-1.5145474325903352,-0.17041219048938205,4.613358498870104,0.022932011520085598,0.056875319334623455,0.0,451.53018631077174,450.9884613882904,450.9009561295517,453.0169060271302,0.300388314925705
2.1000000000000014,-0.998368230258331,-0.05650046584490004,15.908018750893703,6.2818151105965825,0.174566979960745,0.0,-1.617183145266905,-0.17311073972863053,4.612145984424534,0.04153806941057216,0.04528464079247257,0.0,430.1090454180207,429.12810863176605,428.01220725034034,429.5933220720733,0.26622769013295716
2.1600000000000015,-1.0990233574153871,-0.06689220815863624,16.187382991904215,0.004652594673399513,0.17905377753565865,0.0,-1.7383971302457104,-0.17265811698096345,4.699446273641399,0.019719918139254396,0.029462298598611998,0.0,458.7007448608881,457.4431545764484,458.6059100667882,456.8698961818472,0.23177107208091097
2.2200000000000015,-1.2069603153649202,-0.0771540613051674,16.47148437315308,0.006435683983022855,0.18355726738514644,0.0,-1.8599153457734272,-0.16922305853818928,4.770101491147183,0.00995089746348542,0.010103729512310023,0.0,455.26537854342996,453.71366941574115,453.63523089356266,452.84991227921927,0.19670213432993058
2.2800000000000016,-1.3227837698113458,-0.0871623253167218,16.762323844048773,0.007149659337923886,0.19505124634843884,0.0,-2.0020329506635703,-0.16430883660228665,4.9234669754425235,0.004817658060054757,-0.027262112522583443,0.0,482.29995148276834,479.4691792884304,479.79247311936297,479.4024198770832,0.16089935560107982
2.3400000000000016,-1.446309651123201,-0.09689952372205234,17.057100634295516,0.007579773156353831,0.19389303938404012,0.0,-2.115443889250296,-0.16023061662403643,4.902436566748081,0.007903298569943654,-0.020797844327564912,0.0,427.6048712886438,428.1551536562447,426.843935568259,427.1071294741455,0.12432316798704751
2.4000000000000017,-1.5769093591134336,-0.10635905704385468,17.352030789785864,0.012669245351625058,0.19285230978729384,0.0,-2.2378047932854557,-0.15464758324761987,4.928360470958941,0.03026749518177056,-0.027126006008845238,0.0,444.2930768579805,443.7738158272292,440.6721367407789,442.5171724224296,0.08757776666379025
2.4600000000000017,-1.7147652500350183,-0.11540392193145196,17.648129444619972,0.0147057860027493,0.19123062430921323,0.0,-2.35728017428737,-0.14666262704747474,4.941457985612339,0.023785398714862373,-0.026861450351153324,0.0,439.0564646484259,439.0782387969241,439.4035478700047,438.8659844331286,0.05060042485400891
2.520000000000002,-1.8602930242741462,-0.12388994456812222,17.947693712037534,0.017301542565275163,0.1899996289587813,0.0,-2.493485155998929,-0.13593494755938526,5.043454548543811,0.010682562919235302,-0.03492622569982153,0.0,467.5141183517521,466.8850063054288,468.08808683194445,467.06711011516074,0.013290807742452579
2.580000000000002,-2.014005429230836,-0.13167242504083673,18.253512761740005,0.020757476263264962,0.18853683469723226,0.0,-2.6300625760100176,-0.12311652403583168,5.1499252780095155,-0.008935791852813155,-0.027330136125447376,0.0,469.2095754528045,469.79867712893446,471.03990241081044,469.52002850463566,-0.02466681533065529
2.640000000000002,-2.1758321843320143,-0.13861861235999406,18.565333148255696,0.025039419230258098,0.18956417984920915,0.0,-2.7642125071887955,-0.10797905655946775,5.243480600529153,-0.034210948431457854,-0.010599831691077219,0.0,466.3249338551595,467.6301919568497,468.4300949245361,466.4601954173298,-0.06326337802053868
2.700000000000002,-2.3456134019099735,-0.1445929860273208,18.88202162919734,0.02883350734789314,0.19302625194412304,0.0,-2.895493522952335,-0.09083706560569957,5.312225943561099,-0.008895971495546965,-0.03400816256683689,0.0,462.0049001857144,460.1552802210476,459.71236446573687,461.7141160658275,-0.10235705021158997
2.760000000000002,-2.5238966824811073,-0.14937787595588778,19.205673992053196,0.033182687314170956,0.1923712411428209,0.0,-3.047129950348928,-0.06822974560104103,5.47522626833251,0.014140262332665826,-0.048158181468538216,0.0,490.8232325100312,489.7711880705556,489.4577531860694,491.1694664119587,-0.14193517410481635
2.820000000000002,-2.7101142149957087,-0.15291207519411262,19.533137769227437,0.03697341271679555,0.19023917747141983,0.0,-3.160058745642648,-0.04927672783018139,5.440328903118002,0.031768824190454126,-0.039749483960660706,0.0,430.2737102492212,430.98388161392126,430.27755952349435,431.76772121443094,-0.18197346024860034
2.880000000000002,-2.903250469927435,-0.15521970543930666,19.859328745880397,0.03913852240361493,0.18784691003821763,0.0,-3.277711620479191,-0.027461925452155814,5.432666612974286,0.03627111927071363,-0.04170116486461399,0.0,438.8670668035977,438.7041440187765,440.1531560637029,440.52612842677127,-0.22179681525540185
2.940000000000002,-3.1039154443992776,-0.1560650428116454,20.18763755261068,0.04455203478561298,0.18550886786294551,0.0,-3.410909145920605,-0.00018063668358387838,5.510471065756106,0.015324856616991813,-0.03830530886052637,0.0,466.71758614219095,466.98183460782343,467.16736298514684,465.53118045013304,-0.2614757842092632
3.000000000000002,-3.312100610665052,-0.15527335745821946,20.51821264157449,0.050315981800204135,0.18347287733359874,0.0,-3.528530592135798,0.027089495570894497,5.508608705912481,-0.010015843100147337,-0.045243107006795076,0.0,443.3619604648632,442.7905948883961,443.1621041801904,441.07374697204347,-0.3011412841466592
3.0600000000000023,-3.527308684207432,-0.15276460699303185,20.848561702587368,0.05160782148288234,0.18075511260770316,0.0,-3.644959285984216,0.05666179609921658,5.502990570745435,-0.02633457209471894,-0.047472538146505344,0.0,442.083177966521,441.8981457909291,441.7766949888144,440.42886594736154,-0.34050485156763993
3.1200000000000023,-3.749488982513563,-0.14846774768508858,21.1785892001994,0.05003076791095129,0.1799597284145813,0.0,-3.761079959179163,0.08642935178524215,5.497847088283654,-0.026192015396044963,-0.03293120682093016,0.0,441.0061867659186,442.2048914201016,441.9929673150171,442.0045726672951,-0.3794643064161516
3.1800000000000024,-3.9782119845000072,-0.1425273553836701,21.505897307159803,0.04985195010838428,0.1795741881205588,0.0,-3.8631908119266813,0.11159904030734089,5.412741466835974,-0.04037541134493772,-0.0479979230667764,0.0,415.9546865272571,414.63200033356424,416.060508284811,414.8161601476078,-0.4178730205620119
3.2400000000000024,-4.2136833716810305,-0.13488383232529588,21.831437737301737,0.05771515513218972,0.177321966433996,0.0,-3.985766917644518,0.14392253980501593,5.438365910836966,-0.07672863430961771,-0.0579594414669525,0.0,450.6009414920032,449.7931064475171,453.53183743383664,450.60011722005663,-0.45558727007724287
3.3000000000000025,-4.456163828636185,-0.1253074364976954,22.156629661674067,0.05317526127259242,0.17660016632101527,0.0,-4.097000964959872,0.174925977609807,5.401463148548816,-0.07491247780307017,-0.04093523307028781,0.0,431.19904375345607,432.63325827446056,430.81229559562985,430.96109652273,-0.4927662316221276
3.3600000000000025,-4.706563734589252,-0.11358257932881266,22.486477990414702,0.04945333773190708,0.17580597156430322,0.0,-4.249534490882454,0.21540555490352467,5.5923603119144145,-0.06640826944780835,-0.056308371765241595,0.0,500.8025910893206,499.6819529777228,501.38010866125364,501.99432740599315,-0.5294564481251789
3.4200000000000026,-4.964763385627007,-0.0998887027126706,22.820148331974703,0.045473771543794506,0.17250600008958195,0.0,-4.357090707260196,0.2407616517987606,5.530297363914239,-0.06618299131500509,-0.06080484581070497,0.0,425.7676013715883,425.3801630150238,424.9356158537137,424.9514409587024,-0.5658624749755348
3.4800000000000026,-5.230309434951239,-0.08450215875146377,23.155040450453797,0.04447656681582579,0.18251501969139472,0.0,-4.495426441086761,0.2719926431234457,5.631686124712604,-0.08631208652218109,-0.10250613852412642,0.0,479.1090392437181,475.92321017193075,476.5571454960174,475.01196632973915,-0.6014957419658612
3.5400000000000027,-5.503367098695705,-0.0675070516708659,23.490796897563825,0.03935790272729012,0.17641233150833013,0.0,-4.606318211394445,0.2941351845461999,5.56065482097133,-0.08457177021000405,-0.10638322227724444,0.0,424.5169917986245,424.1741515444179,423.1289956595758,423.2723762711397,-0.636413670132147
3.6000000000000028,-5.78286996414434,-0.049296078784805186,23.821412033012617,0.03444916071427784,0.17040005907480715,0.0,-4.710334853830074,0.3125671602734963,5.460463772481483,-0.09038848205366454,-0.11436096011417853,0.0,413.0656349143177,412.3498294029355,413.1234693179098,412.6033246839965,-0.6701796124972088
3.660000000000003,-6.069046965671769,-0.029960209385068527,24.14879426691056,0.02901772236239264,0.1655172187915399,0.0,-4.828694673030703,0.33149525957902964,5.452381175348611,-0.09090652950598636,-0.10010528672164586,0.0,441.52243114729606,442.6865829627248,442.18748991993533,442.13788639589865,-0.7026968267595031
3.720000000000003,-6.362871237205917,-0.009480806748936515,24.479222671518848,0.024471481492525093,0.16048225314154063,0.0,-4.965069969374813,0.350676144553623,5.561380747226797,-0.10261519349466042,-0.11216890086986028,0.0,478.2424335488631,477.3138737501531,478.9579733388155,478.05953133948935,-0.73415434204881
3.780000000000003,-6.664431048124709,0.011998150062335554,24.813828730341857,0.020029841445301955,0.15391509348224464,0.0,-5.086551302045641,0.36489162399181974,5.592122175055984,-0.11821290286748574,-0.10878718872689835,0.0,453.97577911712324,454.2364773264452,457.10117799885955,455.84630684971654,-0.7646141189112459
3.840000000000003,-6.973672742494152,0.034295456518074884,25.153296951500447,0.013626644392443765,0.14765135274736885,0.0,-5.220997946799296,0.3776454143315323,5.722910541259397,-0.11023808061419944,-0.11573773096581187,0.0,485.40659632040115,484.8748150904901,485.6979686151693,486.28514012968816,-0.7938919066536223
3.900000000000003,-7.2904288418347765,0.05719724278028238,25.497458787117694,0.01186868993333512,0.1412213446821564,0.0,-5.337201117134223,0.3856088569420063,5.74914709466011,-0.13560910213255173,-0.10899161277644634,0.0,455.20011653906374,455.7286503491272,455.888905822751,453.84431621621195,-0.821911907851266
3.960000000000003,-7.6142268296511855,0.08053538128325023,25.84410819915225,0.004989134087812985,0.13729783616721214,0.0,-5.4558782865422835,0.39167634346354707,5.805586299419826,-0.1491502374560692,-0.0924338925437178,0.0,464.15852072643526,465.44761710996937,464.8140349735127,463.7340323186014,-0.8484065806231975
4.020000000000002,-7.945196055864527,0.10410472450205918,26.194675813030532,6.281137554468984,0.13490189692692045,0.0,-5.576351165826775,0.3932865689489225,5.879590602348092,-0.1655465718834553,-0.07415488850934918,0.0,469.3285264084377,470.73969235387966,471.44375822768245,470.1537211172385,-0.8732671711834248
4.080000000000001,-8.283136648912242,0.1276287529390005,26.547730442611616,6.27207783118369,0.13522548118699973,0.0,-5.688535064892613,0.3900480115980615,5.8887433839610575,-0.17705357909163935,-0.051393104026840296,0.0,450.8351402668329,452.6677006754453,451.5348179008175,450.57826925093343,-0.896348281860956
4.14,-8.627853677644822,0.15081134735589277,26.901304974909138,6.268638254625371,0.13568639636883173,0.0,-5.80225057262521,0.3823762842177618,5.8969039751092005,-0.14886969860599597,-0.031934675161140236,0.0,451.25891306554905,452.8261461723082,449.7310309673789,451.98216909978504,-0.9174505221991893
4.199999999999998,-8.97886310956789,0.17352721301701127,27.251126945136008,6.261454129077034,0.13419288764224824,0.0,-5.898303906107685,0.3743060792984267,5.764546784978494,-0.1355376295287976,-0.025913393337328627,0.0,405.3293734697128,405.8699194832128,404.36859893739927,405.5464607870816,-0.9364004461071764
4.259999999999997,-9.335748642546736,0.19564640571131517,27.593606149978623,6.254521259137384,0.13339374440642882,0.0,-5.998151950106895,0.3624848439523076,5.651980654245404,-0.12468161097963651,-0.03671142570533177,0.0,410.46711216991815,409.50710858814205,410.65457485136017,411.5991591443984,-0.9530041675339342
4.319999999999996,-9.699255941642893,0.21682227892609793,27.933777128219585,6.2471146042598065,0.1312963091668582,0.0,-6.118803022199753,0.34269872316685246,5.686831872715578,-0.12909972641499204,-0.03416054204811395,0.0,457.4876500085468,457.69023046255,457.50627582109,457.1402836032025,-0.9672375152875674
4.379999999999995,-10.069483733304152,0.23685235630293022,28.271933884320052,6.250260372718547,0.1316859858340429,0.0,-6.22246265550477,0.3251664725070215,5.585480674918746,-0.09412797015050703,-0.052511780091108656,0.0,415.1265924973265,413.5117431244955,411.56150126045213,414.63249136613666,-0.9790644287103242
4.439999999999993,-10.44613141765266,0.2558180260183748,28.60514265607905,6.24488013156628,0.12975060953795126,0.0,-6.332644593516875,0.3065964222343334,5.521788923482146,-0.10111943074357287,-0.06584802754506237,0.0,426.0286735488777,424.8841737942762,425.6444457808721,425.03713809403064,-0.9883308219947331
4.499999999999992,-10.829743975791914,0.2734854992620666,28.937083327874195,6.239842089468503,0.12581497125685104,0.0,-6.454394307379825,0.28187641340584313,5.542842422121667,-0.11349759957507231,-0.06524006482543007,0.0,452.83185732705084,452.8776728205298,451.6842557791505,450.6751560132716,-0.9949589782590402
4.559999999999991,-11.220336834446591,0.2896924943450653,29.26768746070042,6.235282863146512,0.1254973597994038,0.0,-6.565668482533663,0.2579802519546689,5.477533016305705,-0.09822052280551502,-0.08725050783623728,0.0,425.450934996531,423.55736961397713,423.563046816358,424.8642152497928,-0.9988443780980677
4.6199999999999894,-11.617520539321665,0.304485396691739,29.593375782539372,6.246525418878765,0.12027690415427283,0.0,-6.673834011629956,0.23589128992265126,5.379404559943056,-0.05405878014222808,-0.0866649161849353,0.0,413.49600669383915,413.54071443715014,409.5441657311626,413.44799939493345,-0.9999842946561937
4.679999999999988,-12.021792277612947,0.3179050986082817,29.91811036392518,6.244985489011899,0.1193780012817891,0.0,-6.802037168871224,0.21128769993690716,5.444666532438818,-0.04091080595547948,-0.06511545757653454,0.0,462.45329902199404,464.1431428460334,464.13655209191285,465.16606676672245,-1.0
4.739999999999987,-12.433047545016457,0.33006053377976163,30.240488060199443,6.243082627879563,0.11723239886285342,0.0,-6.906755697932651,0.19374710892786876,5.3020011883180596,-0.05033631813762099,-0.08090355461231562,0.0,397.2076398659584,395.7522568448046,396.99404639607656,396.12665975090084,-1.0
4.799999999999986,-12.851295504598202,0.3409063049493177,30.56008674442738,6.241544592323432,0.11253775186871628,0.0,-7.034757445034428,0.1676554545487492,5.351143395570962,-0.06492685281092456,-0.08664159713869567,0.0,458.80754024072013,458.3463022136704,458.4872452798016,457.32436004972624,-1.0
4.859999999999984,-13.277154019737438,0.350188227207641,30.882072972285886,6.241902005910081,0.11023157413700169,0.0,-7.160657836361726,0.14180808777238468,5.381564080327741,-0.08875037946881228,-0.10651086076276395,0.0,454.42319999226726,452.8201400255259,452.9559868663413,451.0315597932095,-1.0
4.919999999999983,-13.71071619023899,0.3578583784196115,31.207011377971035,6.236723016748856,0.1069806133843576,0.0,-7.291452400126254,0.11336967838254011,5.449386598736093,-0.08559600488829945,-0.12715906985729097,0.0,465.49924745149673,463.86944687553387,464.4439957568024,464.6853681275586,-1.0
4.979999999999982,-14.152037160145845,0.363760611159268,31.535168385413492,6.231585300937983,0.10084665980861818,0.0,-7.419090534753476,0.08289240492859304,5.489173940622503,-0.08569807656026583,-0.11490949095145847,0.0,456.4272245257572,457.39073493920256,456.1999637617326,456.1859862478845,-1.0
5.0399999999999805,-14.600579651853975,0.3679579755777359,31.861633269144303,6.228974214408218,0.09470208900429089,0.0,-7.532387505129653,0.05678122710335404,5.393705694060786,-0.06943040802233844,-0.1256727745765207,0.0,413.45397280263796,412.490547534993,411.55760610851485,412.9895472359212,-1.0
